              precision    recall  f1-score   support

         bed       0.97      0.83      0.90      2014
        down       0.97      0.89      0.93      3000
      follow       0.83      0.92      0.87      1579
          go       0.92      0.84      0.87      3000
       happy       0.96      0.94      0.95      2054
       house       0.91      0.96      0.93      2113
        left       0.86      0.96      0.91      3000
          no       0.88      0.91      0.89      3000
         off       0.92      0.93      0.92      3000
          on       0.90      0.96      0.93      3000
       right       0.95      0.96      0.96      3000
        stop       0.96      0.97      0.96      3000
          up       0.94      0.89      0.91      3000
      visual       0.96      0.97      0.96      1592
         yes       0.98      0.95      0.97      3000

    accuracy                           0.93     39352
   macro avg       0.93      0.93      0.93     39352
weighted avg       0.93      0.93      0.93     39352
